13 0 327 124 116 181 70 197 259
13 0 327 124 116 181 281 77 195
13 0 327 124 186 308 77 98 199
13 0 327 124 186 308 77 114 195
13 0 327 124 186 308 88 98 238
13 0 327 124 186 308 88 108 241
13 0 327 124 201 79 113 259 169
13 0 327 124 201 79 113 267 178
13 0 327 124 201 79 176 108 271
13 0 327 124 201 79 318 98 169
13 0 329 143 171 308 77 98 199
13 0 329 143 171 308 77 114 195
13 0 329 143 171 308 88 98 238
13 0 329 143 171 308 88 108 241
13 0 329 166 124 308 77 98 199
13 0 329 166 124 308 77 114 195
13 0 329 166 124 308 88 98 238
13 0 329 166 124 308 88 108 241
13 0 329 236 136 79 113 259 169
13 0 329 236 136 79 113 267 178
13 0 329 236 136 79 176 108 271
13 0 329 236 136 79 318 98 169
13 0 329 236 181 320 77 98 132
13 0 329 236 308 77 98 132 180
13 0 329 236 308 77 98 153 174
13 0 329 236 308 77 114 126 174
13 0 329 236 308 77 114 149 167
13 0 329 236 308 88 98 127 169
13 0 329 236 308 88 98 145 174
13 0 329 236 308 88 108 131 174
13 0 329 236 308 88 108 149 178
13 0 329 236 308 151 84 114 167
13 0 329 236 308 151 108 78 178
13 0 336 108 152 67 166 320 230
13 0 336 108 178 79 252 201 143
13 0 336 108 178 79 298 236 157
13 0 336 108 281 67 166 156 230
13 0 336 108 281 67 166 215 137
13 0 336 108 281 89 186 130 236
13 0 336 108 281 89 186 226 143
13 0 337 154 67 166 197 98 289
13 0 337 154 67 166 243 98 260
13 0 337 154 249 171 77 98 199
13 0 337 154 249 171 77 114 195
13 0 337 154 249 171 88 98 238
13 0 337 154 249 171 88 108 241
13 0 337 181 252 143 77 98 199
13 0 337 181 252 143 77 114 195
13 0 337 181 252 143 88 98 238
13 0 337 181 252 143 88 108 241
13 0 337 298 143 171 77 98 199
13 0 337 298 143 171 77 114 195
13 0 337 298 143 171 88 98 238
13 0 337 298 143 171 88 108 241
13 0 337 298 166 124 77 98 199
13 0 337 298 166 124 77 114 195
13 0 337 298 166 124 88 98 238
13 0 337 298 166 124 88 108 241
13 0 337 298 236 77 98 132 180
13 0 337 298 236 77 98 153 174
13 0 337 298 236 77 114 126 174
13 0 337 298 236 77 114 149 167
13 0 337 298 236 88 98 127 169
13 0 337 298 236 88 98 145 174
13 0 337 298 236 88 108 131 174
13 0 337 298 236 88 108 149 178
13 0 337 298 236 151 84 114 167
13 0 337 298 236 151 108 78 178
13 5 60 186 155 322 90 197 319
13 5 60 186 155 336 114 191 254
13 5 60 186 155 336 114 313 217
13 5 60 186 200 321 152 283 113
13 5 60 186 200 336 152 90 283
13 5 103 136 79 324 217 318 169
13 5 103 136 79 324 245 197 174
13 5 103 136 79 324 245 210 176
13 5 103 136 79 336 178 191 254
13 5 103 136 79 336 178 313 217
13 5 103 136 184 324 245 70 197
13 5 103 136 200 321 283 87 176
13 5 103 136 200 324 245 58 176
13 5 103 181 156 324 245 70 197
13 5 103 181 320 77 321 212 118
13 5 103 181 320 77 324 217 132
13 5 103 215 321 118 281 77 174
13 5 103 215 321 283 70 151 178
13 5 103 215 321 283 87 135 176
13 5 103 215 324 158 283 70 151
13 5 103 215 324 245 58 135 176
13 5 103 215 324 245 70 128 176
13 5 103 215 324 245 70 151 169
13 5 103 215 336 51 281 145 158
13 5 103 215 336 72 281 138 167
13 5 103 308 321 118 178 77 199
13 5 103 308 321 118 178 88 238
13 5 103 308 321 118 212 77 180
13 5 103 308 324 138 65 199 176
13 5 103 308 324 138 162 77 199
13 5 103 308 324 138 162 88 238
13 5 103 308 324 138 191 88 174
13 5 103 308 324 158 118 77 199
13 5 103 308 324 158 118 88 238
13 5 103 308 324 217 77 132 180
13 5 103 308 324 217 77 153 174
13 5 103 308 324 217 88 127 169
13 5 103 308 324 217 88 145 174
13 5 134 181 116 324 245 70 197
13 5 134 181 337 77 114 285 217
13 5 134 181 337 88 241 90 283
13 5 134 201 79 321 178 283 113
13 5 134 201 79 324 158 283 113
13 5 134 201 79 324 245 113 169
13 5 134 201 79 336 178 90 283
13 5 177 324 245 70 116 197 154
13 5 177 337 154 77 114 285 217
13 5 177 337 154 88 241 90 283
13 5 214 116 321 118 281 77 174
13 5 214 116 321 283 70 151 178
13 5 214 116 321 283 87 135 176
13 5 214 116 324 158 283 70 151
13 5 214 116 324 245 58 135 176
13 5 214 116 324 245 70 128 176
13 5 214 116 324 245 70 151 169
13 5 214 116 336 51 281 145 158
13 5 214 116 336 72 281 138 167
13 5 214 157 79 321 178 283 113
13 5 214 157 79 324 158 283 113
13 5 214 157 79 324 245 113 169
13 5 214 157 79 336 178 90 283
13 5 214 337 77 90 319 118 174
13 5 214 337 77 114 254 149 162
13 5 214 337 77 114 255 138 174
13 5 214 337 77 114 285 118 158
13 5 214 337 77 114 285 138 162
13 5 214 337 88 98 246 138 169
13 5 214 337 88 98 283 117 174
13 5 214 337 88 131 94 254 169
13 5 214 337 88 131 174 90 283
13 5 214 337 88 178 90 283 149
13 5 214 337 113 180 288 72 138
13 5 214 337 113 319 51 145 158
13 5 214 337 113 319 72 138 167
13 5 214 337 151 78 178 90 283
13 5 214 337 151 114 254 84 162
13 5 214 337 176 90 118 57 297
13 5 214 337 176 90 118 84 307
13 5 214 337 176 138 72 114 317
13 5 214 337 176 138 285 65 114
13 5 214 337 176 254 65 114 149
13 5 214 337 272 180 98 72 138
13 5 299 181 79 322 197 90 131
13 5 299 181 79 322 197 117 98
13 5 299 181 79 324 138 94 197
13 5 299 181 79 324 138 113 191
13 5 299 181 79 324 217 113 145
13 9 329 236 181 77 90 320 118
13 9 329 236 308 77 90 118 180
13 9 337 154 243 67 166 90 283
13 9 337 298 236 77 90 118 180
13 10 176 98 329 72 308 236 138
13 10 176 98 337 72 138 298 236
13 11 79 321 178 283 113 130 236
13 11 79 321 178 283 113 226 143
13 11 79 322 249 197 171 90 131
13 11 79 322 249 197 171 117 98
13 11 79 324 94 249 197 138 171
13 11 79 324 97 124 217 318 169
13 11 79 324 97 124 245 197 174
13 11 79 324 97 124 245 210 176
13 11 79 324 113 245 169 130 236
13 11 79 324 113 245 169 226 143
13 11 79 324 113 249 171 191 138
13 11 79 324 113 249 171 217 145
13 11 79 324 113 283 158 130 236
13 11 79 324 113 283 158 226 143
13 11 79 336 178 90 283 130 236
13 11 79 336 178 90 283 226 143
13 11 79 336 178 97 124 191 254
13 11 79 336 178 97 124 313 217
13 11 155 322 67 166 90 197 319
13 11 155 336 114 67 166 191 254
13 11 155 336 114 67 166 313 217
13 11 184 97 124 324 245 70 197
13 11 200 67 166 321 152 283 113
13 11 200 67 166 336 152 90 283
13 11 200 124 97 321 283 87 176
13 11 200 124 97 324 245 58 176
42 97 86 0 337 154 169 199 259
42 97 86 0 337 154 169 319 223
42 97 86 0 337 154 238 288 180
42 97 86 0 337 154 238 319 167
42 97 86 0 337 154 267 199 178
42 97 86 0 337 154 267 212 180
42 97 86 9 337 180 154 191 254
42 97 86 9 337 180 154 313 217
42 97 86 11 155 321 283 199 178
42 97 86 11 155 321 283 212 180
42 97 86 11 155 324 158 283 199
42 97 86 11 155 324 217 260 180
42 97 86 11 155 324 217 289 169
42 97 86 11 155 324 245 199 169
42 97 86 11 184 135 321 283 212
42 97 86 11 184 135 324 260 217
42 97 86 11 184 281 321 118 238
42 97 86 11 200 321 260 118 178
42 97 86 11 200 321 283 132 178
42 97 86 11 200 321 283 152 174
42 97 86 11 200 321 296 118 169
42 97 86 11 200 322 288 117 169
42 97 86 11 200 324 245 132 169
42 97 86 11 200 324 260 118 158
42 97 86 11 200 324 260 138 162
42 97 86 11 200 324 283 132 158
42 97 86 11 200 325 254 131 169
42 97 147 11 79 324 217 318 169
42 97 147 11 79 324 245 197 174
42 97 147 11 79 324 245 210 176
42 97 147 11 79 336 178 191 254
42 97 147 11 79 336 178 313 217
42 97 147 11 184 324 245 70 197
42 97 147 11 200 321 283 87 176
42 97 147 11 200 324 245 58 176
42 97 171 0 333 88 308 241 137
42 97 171 0 337 154 59 238 288
42 97 171 0 337 154 59 267 212
42 97 171 0 337 154 225 69 288
42 97 171 0 337 154 225 76 319
42 97 171 8 324 70 245 156 230
42 97 171 8 324 70 245 215 137
42 97 171 8 337 154 319 64 217
42 97 171 9 337 154 59 191 254
42 97 171 9 337 154 59 313 217
42 97 171 11 79 324 138 191 306
42 97 171 11 79 324 138 286 225
42 97 171 11 79 324 217 268 151
42 97 171 11 79 324 217 278 150
42 97 171 11 79 324 217 306 145
42 97 171 11 79 324 217 318 146
42 97 171 11 79 324 245 150 225
42 97 171 11 79 324 245 210 129
42 97 171 11 155 321 283 59 212
42 97 171 11 155 324 217 59 260
42 97 171 11 155 324 217 88 268
42 97 171 11 200 321 118 87 278
42 97 171 11 200 321 283 87 129
42 97 171 11 200 324 245 58 129
42 97 240 321 7 89 281 118 186
42 97 240 321 11 283 79 150 178
42 97 240 321 11 283 87 135 184
42 97 240 321 11 283 87 155 180
42 97 240 324 11 138 286 79 169
42 97 240 324 11 158 283 79 150
42 97 240 324 11 245 58 135 184
42 97 240 324 11 245 58 155 180
42 97 240 324 11 245 70 128 184
42 97 240 324 11 245 79 128 174
42 97 240 324 11 245 79 150 169
42 97 240 328 89 186 0 250 131
42 97 240 328 89 186 0 259 132
42 97 240 328 89 186 0 288 127
42 97 240 328 89 186 0 296 126
42 97 240 328 89 186 9 245 120
42 97 240 328 89 186 9 254 121
42 97 240 328 89 186 9 282 118
42 97 240 328 89 186 9 291 117
42 97 240 337 154 0 57 297 167
42 97 240 337 154 0 58 259 180
42 97 240 337 154 0 68 251 178
42 97 240 337 154 0 69 288 169
42 97 240 337 154 0 76 319 169
42 97 240 337 154 0 78 277 178
42 97 240 337 154 0 84 307 167
42 97 240 337 154 0 87 267 180
42 97 240 337 154 7 51 319 158
42 97 240 337 154 9 180 65 254
42 97 240 337 154 9 251 51 158
42 97 269 176 11 79 324 217 127
42 97 334 0 68 178 151 320 230
42 97 334 0 68 178 243 308 137
42 97 334 0 68 178 262 156 230
42 97 334 0 68 178 262 215 137
42 97 334 0 126 87 176 320 230
42 97 334 0 126 89 186 262 212
42 97 334 0 167 88 308 241 137
42 97 334 0 195 88 178 308 137
42 97 334 0 195 89 186 151 281
42 97 334 0 195 89 186 262 152
42 97 334 9 51 158 151 320 230
42 97 334 9 51 158 243 308 137
42 97 334 9 51 158 262 156 230
42 97 334 9 51 158 262 215 137
42 97 334 9 89 186 262 120 217
42 97 334 9 89 186 262 232 138
42 97 334 11 79 151 178 285 217
42 97 334 11 79 151 241 254 162
42 97 334 11 79 176 271 120 217
42 97 334 11 79 176 271 232 138
42 97 334 11 155 88 178 285 217
42 97 334 11 155 88 241 254 162
42 97 334 11 200 51 158 272 131
42 97 334 11 200 87 176 255 138
42 125 60 186 200 334 0 113 288
42 125 60 186 200 334 0 272 98
42 125 103 215 171 70 8 324 245
42 125 103 215 334 0 68 262 178
42 125 103 215 334 9 51 262 158
42 125 103 308 171 333 88 0 241
42 125 103 308 334 0 68 243 178
42 125 103 308 334 0 167 88 241
42 125 103 308 334 0 195 88 178
42 125 103 308 334 9 51 243 158
42 125 177 110 11 79 318 324 217
42 125 214 116 171 70 8 324 245
42 125 214 116 334 0 68 262 178
42 125 214 116 334 9 51 262 158
42 125 214 337 86 0 98 260 180
42 125 214 337 86 0 98 289 169
42 125 214 337 86 0 108 319 174
42 125 214 337 86 0 114 267 174
42 125 214 337 86 9 180 90 283
42 125 214 337 110 88 259 0 174
42 125 214 337 110 176 0 69 288
42 125 214 337 110 176 0 76 319
42 125 214 337 171 0 59 98 260
42 125 214 337 171 0 268 88 98
42 125 214 337 171 90 283 59 9
42 166 0 329 136 79 240 108 271
42 166 0 329 136 200 86 98 260
42 166 0 329 215 86 135 98 260
42 166 0 329 215 86 281 108 149
42 166 0 329 215 110 151 70 259
42 166 0 329 308 86 108 153 241
42 166 0 329 308 86 108 199 131
42 166 0 329 308 86 145 98 199
42 166 0 329 308 86 145 114 195
42 166 0 329 308 86 238 98 153
42 166 0 329 308 86 238 114 126
42 166 0 329 308 110 88 131 223
42 166 0 329 308 110 88 241 144
42 166 0 329 308 147 77 98 199
42 166 0 329 308 147 77 114 195
42 166 0 329 308 147 88 98 238
42 166 0 329 308 147 88 108 241
42 166 0 333 148 103 308 88 241
42 166 0 333 252 201 79 131 113
42 166 0 335 103 215 151 70 259
42 166 0 335 103 308 88 131 223
42 166 0 335 103 308 88 241 144
42 166 0 335 134 201 79 259 113
42 166 0 335 134 201 79 318 98
42 166 0 335 214 116 151 70 259
42 166 0 335 214 157 79 259 113
42 166 0 335 214 157 79 318 98
42 166 0 337 154 226 59 98 260
42 166 0 337 154 226 268 88 98
42 166 0 337 154 279 77 98 199
42 166 0 337 154 279 77 114 195
42 166 0 337 154 279 88 98 238
42 166 0 337 154 279 88 108 241
42 166 0 337 214 148 59 98 260
42 166 0 337 214 148 268 88 98
42 166 0 337 298 86 108 153 241
42 166 0 337 298 86 108 199 131
42 166 0 337 298 86 145 98 199
42 166 0 337 298 86 145 114 195
42 166 0 337 298 86 238 98 153
42 166 0 337 298 86 238 114 126
42 166 0 337 298 110 88 131 223
42 166 0 337 298 110 88 241 144
42 166 0 337 298 147 77 98 199
42 166 0 337 298 147 77 114 195
42 166 0 337 298 147 88 98 238
42 166 0 337 298 147 88 108 241
42 166 1 138 329 308 110 88 241
42 166 1 138 335 103 308 88 241
42 166 1 138 337 298 110 88 241
42 166 7 270 324 217 79 103 136
42 166 8 148 103 215 70 324 245
42 166 8 148 214 116 70 324 245
42 166 8 226 154 116 70 324 245
42 166 8 252 201 79 322 90 131
42 166 8 252 201 79 322 117 98
42 166 8 252 201 79 324 138 94
42 166 9 329 136 200 86 90 283
42 166 9 329 215 135 86 90 283
42 166 9 337 154 226 59 90 283
42 166 9 337 214 148 59 90 283
42 166 10 98 308 72 329 240 138
42 166 10 98 337 72 138 240 298
42 166 10 98 337 72 138 270 214
42 166 11 130 79 110 318 324 217
42 166 11 226 79 324 138 113 314
42 166 11 226 79 324 245 113 146
42 166 11 279 79 322 197 90 131
42 166 11 279 79 322 197 117 98
42 166 11 279 79 324 138 94 197
42 166 11 279 79 324 138 113 191
42 166 11 279 79 324 217 113 145
42 208 60 186 155 322 8 90 319
42 208 60 186 155 333 0 113 319
42 208 103 136 79 271 333 0 176
42 208 103 136 79 324 8 245 174
42 208 103 136 184 70 8 324 245
42 208 103 181 156 70 8 324 245
42 208 103 308 333 0 78 151 178
42 208 103 308 333 0 88 131 174
42 208 103 308 333 0 88 149 178
42 208 134 181 116 70 8 324 245
42 208 134 181 337 0 59 98 260
42 208 134 181 337 0 268 88 98
42 208 134 181 337 90 283 59 9
42 208 177 11 79 324 138 113 314
42 208 177 11 79 324 245 113 146
42 208 177 154 116 70 8 324 245
42 208 177 154 337 0 59 98 260
42 208 177 154 337 0 268 88 98
42 208 177 154 337 90 283 59 9
42 208 299 181 79 98 322 8 117
42 208 299 181 79 131 322 8 90
42 208 299 181 79 131 333 0 113
42 208 299 181 79 324 138 94 8
42 304 60 186 200 336 152 108 0
42 304 103 136 79 176 324 7 217
42 304 134 181 337 77 0 98 199
42 304 134 181 337 77 0 114 195
42 304 134 181 337 88 98 0 238
42 304 134 181 337 88 241 108 0
42 304 134 201 79 108 0 336 178
42 304 177 0 337 154 77 98 199
42 304 177 0 337 154 77 114 195
42 304 177 0 337 154 88 98 238
42 304 177 0 337 154 88 108 241
42 304 177 11 79 322 197 90 131
42 304 177 11 79 322 197 117 98
42 304 177 11 79 324 138 94 197
42 304 177 11 79 324 138 113 191
42 304 177 11 79 324 217 113 145
42 304 214 157 79 108 0 336 178
42 304 214 337 77 0 98 132 180
42 304 214 337 77 0 98 153 174
42 304 214 337 77 0 114 126 174
42 304 214 337 77 0 114 149 167
42 304 214 337 77 9 90 118 180
42 304 214 337 88 0 98 127 169
42 304 214 337 88 0 98 145 174
42 304 214 337 88 0 108 131 174
42 304 214 337 88 0 108 149 178
42 304 214 337 151 78 178 108 0
42 304 214 337 151 114 0 84 167
42 304 214 337 176 138 72 98 10
42 327 116 181 86 135 0 238 288
42 327 116 181 86 135 0 267 212
42 327 116 181 86 135 9 191 254
42 327 116 181 86 135 9 313 217
42 327 116 181 86 281 0 145 195
42 327 116 181 86 281 0 238 126
42 327 116 181 147 70 197 259 0
42 327 116 181 147 281 77 0 195
42 327 116 181 240 70 0 128 259
42 327 116 181 240 70 0 277 131
42 327 116 181 240 135 0 58 259
42 327 116 181 240 135 0 87 267
42 327 116 181 240 135 9 65 254
42 327 157 181 79 240 271 108 0
42 327 157 181 200 86 0 98 260
42 327 157 181 200 86 9 90 283
42 327 186 136 79 240 271 108 0
42 327 186 136 200 86 0 98 260
42 327 186 136 200 86 9 90 283
42 327 186 215 86 135 0 98 260
42 327 186 215 86 135 9 90 283
42 327 186 215 86 281 108 0 149
42 327 186 215 110 0 151 70 259
42 327 186 308 86 114 0 145 195
42 327 186 308 86 114 0 238 126
42 327 186 308 86 153 98 0 238
42 327 186 308 86 153 241 108 0
42 327 186 308 86 199 0 98 145
42 327 186 308 86 199 0 108 131
42 327 186 308 110 88 131 223 0
42 327 186 308 110 88 241 0 144
42 327 186 308 110 88 241 1 138
42 327 186 308 147 77 0 98 199
42 327 186 308 147 77 0 114 195
42 327 186 308 147 88 98 0 238
42 327 186 308 147 88 241 108 0
42 327 186 308 240 138 72 98 10
42 327 201 79 110 0 151 259 174
42 327 201 79 110 0 176 259 150
42 327 201 79 110 0 176 271 144
42 327 201 79 110 0 318 126 178
42 327 201 79 110 0 318 131 167
42 327 201 79 110 1 271 138 176
42 327 201 79 147 113 0 259 169
42 327 201 79 147 113 0 267 178
42 327 201 79 147 176 271 108 0
42 327 201 79 147 318 0 98 169
42 327 201 79 171 98 0 268 151
42 327 201 79 171 98 0 278 150
42 327 201 79 171 98 0 306 145
42 327 201 79 171 98 0 318 146
42 327 201 79 171 98 8 246 138
42 327 201 79 171 131 0 108 306
42 327 201 79 171 131 8 94 254
42 327 201 79 171 259 113 0 146
42 327 201 79 171 271 129 108 0
42 327 201 79 269 176 98 0 127
42 327 201 155 86 0 98 260 180
42 327 201 155 86 0 98 289 169
42 327 201 155 86 0 108 319 174
42 327 201 155 86 0 114 267 174
42 327 201 155 86 9 180 90 283
42 327 201 155 110 88 259 0 174
42 327 201 155 110 176 0 69 288
42 327 201 155 110 176 0 76 319
42 327 201 155 171 0 59 98 260
42 327 201 155 171 0 268 88 98
42 327 201 155 171 90 283 59 9
42 327 201 184 86 135 0 98 260
42 327 201 184 86 135 9 90 283
42 327 201 184 86 281 108 0 149
42 327 201 184 110 0 151 70 259
