103 62 197 87 289 4 23 285 164
103 62 197 87 289 4 261 44 157
103 62 197 234 151 102 43 289 4
103 62 197 245 4 289 39 102 164
103 62 197 245 4 289 44 96 151
103 62 223 289 7 151 87 44 176
103 62 223 289 9 169 176 87 23
103 91 25 58 167 182 289 4 271
103 91 25 58 194 169 289 4 271
103 91 25 175 71 167 289 4 271
103 91 166 44 289 4 271 48 192
103 91 166 44 289 4 271 58 178
103 91 166 182 289 4 271 17 48
103 91 220 39 71 167 289 4 271
103 91 220 58 155 44 289 4 271
103 142 25 58 102 219 289 0 264
103 142 25 58 102 219 289 2 238
103 142 25 58 102 288 3 238 206
103 142 25 175 102 78 289 0 264
103 142 25 175 102 78 289 2 238
103 142 220 39 102 78 289 0 264
103 142 220 39 102 78 289 2 238
103 195 25 58 102 289 233 1 159
103 195 87 23 285 50 1 289 152
103 195 87 23 285 288 5 64 165
103 195 87 261 44 74 1 289 159
103 195 245 39 102 50 1 289 152
103 195 245 39 102 288 5 64 165
103 292 65 200 254 7 44 87 151
103 292 65 200 254 9 169 87 23
103 292 198 3 165 244 102 25 58
103 292 198 3 254 25 102 58 164
103 292 198 3 254 25 102 69 151
103 292 198 3 254 87 23 71 167
103 292 198 3 254 87 58 44 162
103 292 198 3 254 166 102 43 48
103 292 224 3 206 25 102 58 164
103 292 224 3 206 25 102 69 151
103 292 224 3 206 87 23 71 167
103 292 224 3 206 87 58 44 162
103 292 224 3 206 166 102 43 48
103 292 224 7 151 87 44 59 200
103 292 224 9 169 59 200 87 23
146 122 25 58 102 219 289 0 264
146 122 25 58 102 219 289 2 238
146 122 25 58 102 288 3 238 206
146 122 25 175 102 78 289 0 264
146 122 25 175 102 78 289 2 238
146 122 220 39 102 78 289 0 264
146 122 220 39 102 78 289 2 238
146 246 25 58 102 117 289 201 1
146 246 25 58 102 219 289 1 129
146 246 25 58 102 219 289 2 125
146 246 25 58 102 288 3 206 125
146 246 25 110 102 289 8 56 197
146 246 25 175 102 78 289 1 129
146 246 25 175 102 78 289 2 125
146 246 87 23 140 52 289 201 1
146 246 87 110 44 77 289 201 1
146 246 119 102 289 8 14 56 197
146 246 220 39 102 78 289 1 129
146 246 220 39 102 78 289 2 125
209 25 58 102 288 3 238 118 159
209 25 58 102 288 3 238 135 165
209 25 58 102 288 5 165 128 238
209 25 58 102 289 117 159 0 264
209 25 58 102 289 117 159 2 238
209 25 58 102 289 164 0 264 134
209 25 58 102 289 164 2 238 134
209 25 58 102 289 164 4 238 127
209 25 58 102 289 164 4 248 126
209 25 58 102 289 164 4 271 124
209 25 58 102 289 164 4 278 125
209 25 58 102 289 233 159 0 106
209 25 58 102 289 233 159 1 104
209 25 110 71 167 98 289 0 264
209 25 110 71 167 98 289 2 238
209 25 110 102 289 0 264 78 157
209 25 110 102 289 2 78 238 157
209 25 110 102 289 8 56 238 149
209 25 110 102 289 8 56 248 147
209 25 110 102 289 8 159 53 223
209 25 110 102 289 8 159 65 248
209 25 110 169 289 9 98 53 223
209 25 110 169 289 9 98 65 248
209 25 151 102 69 289 0 264 134
209 25 151 102 69 289 2 238 134
209 25 151 102 69 289 4 238 127
209 25 151 102 69 289 4 248 126
209 25 151 102 69 289 4 271 124
209 25 151 102 69 289 4 278 125
209 25 151 102 132 78 289 0 264
209 25 151 102 132 78 289 2 238
209 25 281 289 9 169 82 53 125
209 87 23 71 167 289 0 264 134
209 87 23 71 167 289 2 238 134
209 87 23 71 167 289 4 238 127
209 87 23 71 167 289 4 248 126
209 87 23 71 167 289 4 271 124
209 87 23 71 167 289 4 278 125
209 87 23 140 52 289 159 0 264
209 87 23 140 52 289 159 2 238
209 87 23 140 167 78 289 0 264
209 87 23 140 167 78 289 2 238
209 87 23 169 289 0 264 78 139
209 87 23 169 289 2 78 238 139
209 87 23 169 289 9 134 53 223
209 87 23 169 289 9 134 65 248
209 87 23 169 289 9 266 53 125
209 87 23 285 50 0 289 106 152
209 87 23 285 50 1 289 104 152
209 87 23 285 288 5 64 104 165
209 87 58 162 44 289 0 264 134
209 87 58 162 44 289 2 238 134
209 87 58 162 44 289 4 238 127
209 87 58 162 44 289 4 248 126
209 87 58 162 44 289 4 271 124
209 87 58 162 44 289 4 278 125
209 87 110 44 77 289 159 0 264
209 87 110 44 77 289 159 2 238
209 87 110 169 289 0 264 34 70
209 87 110 169 289 2 238 34 70
209 87 151 44 7 289 134 53 223
209 87 151 44 7 289 134 65 248
209 87 151 44 7 289 266 53 125
209 87 151 140 289 0 264 34 60
209 87 151 140 289 2 238 34 60
209 87 261 44 74 0 289 106 159
209 87 261 44 74 1 289 104 159
209 87 261 44 296 165 0 55 129
209 87 261 44 296 165 3 53 125
209 119 44 151 68 98 289 0 264
209 119 44 151 68 98 289 2 238
209 119 71 167 14 98 289 0 264
209 119 71 167 14 98 289 2 238
209 119 102 289 0 264 34 68 151
209 119 102 289 0 264 78 14 157
209 119 102 289 0 264 78 23 155
209 119 102 289 0 264 78 32 151
209 119 102 289 0 264 78 39 162
209 119 102 289 2 238 34 68 151
209 119 102 289 2 238 78 14 157
209 119 102 289 2 238 78 23 155
209 119 102 289 2 238 78 32 151
209 119 102 289 2 238 78 39 162
209 119 102 289 8 14 56 238 149
209 119 102 289 8 14 56 248 147
209 119 102 289 8 14 159 53 223
209 119 102 289 8 14 159 65 248
209 119 169 289 14 9 98 53 223
209 119 169 289 14 9 98 65 248
209 166 44 289 0 264 98 48 137
209 166 44 289 2 238 98 48 137
209 166 102 254 297 39 0 55 129
209 166 102 254 297 39 3 53 125
209 166 102 289 0 264 34 48 137
209 166 102 289 0 264 78 114 23
209 166 102 289 0 264 78 136 39
209 166 102 289 0 264 134 43 48
209 166 102 289 2 238 34 48 137
209 166 102 289 2 238 78 114 23
209 166 102 289 2 238 78 136 39
209 166 102 289 2 238 134 43 48
209 166 102 289 4 43 48 238 127
209 166 102 289 4 43 48 248 126
209 166 102 289 4 43 48 271 124
209 166 102 289 4 43 48 278 125
209 166 140 289 0 264 98 35 48
209 166 140 289 2 238 98 35 48
209 245 39 102 50 0 289 106 152
209 245 39 102 50 1 289 104 152
209 245 39 102 288 5 64 104 165
237 25 58 102 117 289 1 201 147
237 25 58 102 164 289 4 126 197
237 25 58 102 164 289 4 183 106
237 25 58 102 219 289 1 129 147
237 25 58 102 219 289 2 125 147
237 25 58 102 288 147 3 206 125
237 25 58 167 182 93 289 4 125
237 25 58 167 182 293 125 86 4
237 25 58 194 169 93 289 4 125
237 25 58 194 169 293 125 86 4
237 25 110 102 289 4 72 180 149
237 25 110 102 289 8 56 197 147
237 25 110 102 289 8 159 65 197
237 25 110 102 289 8 159 72 185
237 25 110 102 289 8 201 72 149
237 25 110 169 206 88 290 72 3
237 25 110 169 289 9 98 65 197
237 25 110 169 289 9 98 72 185
237 25 110 169 289 9 188 82 72
237 25 110 182 88 289 4 72 149
237 25 151 102 69 289 4 126 197
237 25 151 102 69 289 4 183 106
237 25 175 71 167 93 289 4 125
237 25 175 71 167 293 125 86 4
237 25 175 102 78 289 1 129 147
237 25 175 102 78 289 2 125 147
237 25 175 102 138 289 4 72 149
237 25 175 169 289 9 72 82 111
237 87 23 71 167 289 4 126 197
237 87 23 71 167 289 4 183 106
237 87 23 140 52 289 1 201 147
237 87 23 140 221 289 4 72 149
237 87 23 169 206 3 72 290 120
237 87 23 169 289 9 65 197 134
237 87 23 169 289 9 72 108 176
237 87 23 169 289 9 72 185 134
237 87 23 182 120 289 4 72 149
237 87 58 162 44 289 4 126 197
237 87 58 162 44 289 4 183 106
237 87 110 44 77 289 1 201 147
237 87 110 44 192 289 4 72 149
237 87 110 169 206 290 17 72 3
237 87 110 182 17 289 4 72 149
237 87 151 44 289 7 65 197 134
237 87 151 44 289 7 72 108 176
237 87 151 44 289 7 72 185 134
237 87 175 35 140 289 4 72 149
237 87 175 137 44 289 4 72 149
237 119 102 289 4 72 149 43 187
237 119 102 289 4 72 149 180 14
237 119 102 289 8 14 56 197 147
237 119 102 289 8 14 159 65 197
237 119 102 289 8 14 159 72 185
237 119 102 289 8 14 201 72 149
237 119 102 289 8 151 203 12 72
237 119 102 289 8 187 162 12 72
237 119 169 206 290 3 72 88 14
237 119 169 289 9 14 98 65 197
237 119 169 289 9 14 98 72 185
237 119 169 289 9 14 188 82 72
237 119 182 88 14 289 4 72 149
237 166 44 86 4 293 125 48 192
237 166 44 86 4 293 125 58 178
237 166 44 289 4 93 125 48 192
237 166 44 289 4 93 125 58 178
237 166 102 118 3 72 297 39 176
237 166 102 118 3 72 297 40 187
237 166 102 118 4 297 55 39 183
237 166 102 118 4 297 200 39 72
237 166 102 206 297 39 111 72 3
237 166 102 289 4 126 197 43 48
237 166 102 289 4 183 106 43 48
237 166 102 289 8 110 178 12 72
237 166 102 289 8 187 136 12 72
237 166 182 17 48 93 289 4 125
237 166 182 17 48 293 125 86 4
237 220 39 71 167 93 289 4 125
237 220 39 71 167 293 125 86 4
237 220 39 102 78 289 1 129 147
237 220 39 102 78 289 2 125 147
237 220 39 102 138 289 4 72 149
237 220 39 169 289 9 72 82 111
237 220 58 155 44 93 289 4 125
237 220 58 155 44 293 125 86 4
237 220 110 155 102 8 289 12 72
237 220 151 131 102 8 289 12 72
